3,2
3,1
3,3
10,107
10,6
10,203
10,205
10,236
10,272
10,305
10,97
11,18
11,22
11,6
11,5
11,29
9,7
9,4
9,1
9,6
8,4
8,6
8,16
8,12
8,17
8,2
8,3
102,4
102,3
102,2
102,1
102,0
100,3
100,2
100,1
100,0
92,3
92,2
92,1
92,0
91,4
91,3
91,2
91,1
91,0
65,3
65,2
65,1
60,3
60,2
60,1
60,0
51,3
51,2
51,1
51,0
47,3
47,2
47,1
47,0
46,3
46,2
46,1
46,0
42,4
42,3
42,1
40,3
40,1
39,4
39,3
39,1
37,3
37,1
14,1
20,3
20,2
14,3
20,1
19,3
13,1
19,2
13,3
19,1
18,3
18,1
12,3
12,2
12,1
11,28
11,27
11,25
11,19
11,10
11,1
11,9
11,3
